Texts:

"08
Cleaner
AV
503
3GA
JARK
1157
001
002
000
000
1158
5540000
036.159
S
PERFECT
GREAT
GOOD
BAD
MISS
MAX COMBO
TOTAL SCORE
CALORIE(kcal)
40 1608
NER
seu
DOUBLE
20 M 203
S
MY BEST
S540000
MACHINE BEST
SIMO2541
S540000
S
FREE PLAY
"
bounds: (0,13),(1048,13),(1048,1754),(0,1754)

"08"
bounds: (1,758),(0,649),(67,649),(68,758)

"Cleaner"
bounds: (210,754),(211,666),(238,666),(237,754)

"AV"
bounds: (226,1751),(226,1686),(256,1686),(256,1751)

"503"
bounds: (257,1750),(259,1679),(296,1680),(294,1751)

"3GA"
bounds: (312,1755),(312,1666),(343,1666),(343,1755)

"JARK"
bounds: (339,1744),(342,1675),(377,1676),(374,1745)

"1157"
bounds: (261,1398),(262,1295),(298,1296),(297,1399)

"001"
bounds: (318,1400),(318,1325),(354,1325),(354,1400)

"002"
bounds: (379,1402),(378,1307),(412,1307),(413,1402)

"000"
bounds: (433,1402),(433,1307),(468,1307),(468,1402)

"000"
bounds: (491,1400),(492,1305),(526,1305),(525,1400)

"1158"
bounds: (543,1387),(544,1286),(580,1286),(579,1387)

"5540000"
bounds: (598,1390),(594,1209),(635,1208),(639,1389)

"036.159"
bounds: (655,1388),(650,1215),(687,1214),(692,1387)

"S"
bounds: (365,1152),(362,914),(557,911),(560,1149)

"PERFECT"
bounds: (266,809),(267,619),(304,619),(303,809)

"GREAT"
bounds: (324,792),(325,637),(357,637),(356,792)

"GOOD"
bounds: (378,774),(379,660),(411,660),(410,774)

"BAD"
bounds: (432,761),(432,679),(461,679),(461,761)

"MISS"
bounds: (485,771),(485,674),(515,674),(515,771)

"MAX"
bounds: (537,824),(536,751),(567,751),(568,824)

"COMBO"
bounds: (536,740),(534,624),(565,624),(567,740)

"TOTAL"
bounds: (590,838),(589,730),(620,730),(621,838)

"SCORE"
bounds: (588,721),(587,613),(618,613),(619,721)

"CALORIE"
bounds: (641,831),(641,706),(676,706),(676,831)

"("
bounds: (641,696),(641,687),(676,687),(676,696)

"kcal"
bounds: (641,687),(641,625),(676,625),(676,687)

")"
bounds: (641,627),(641,618),(676,618),(676,627)

"40"
bounds: (596,994),(595,961),(623,960),(624,993)

"1608"
bounds: (595,947),(594,883),(623,882),(624,946)

"NER"
bounds: (503,640),(489,19),(711,14),(725,635)

"seu"
bounds: (628,983),(636,766),(729,770),(721,986)

"DOUBLE"
bounds: (751,1034),(750,912),(789,912),(790,1034)

"20"
bounds: (774,1052),(758,871),(880,860),(896,1041)

"M"
bounds: (753,829),(750,793),(872,782),(875,818)

"203"
bounds: (738,664),(716,416),(838,405),(860,653)

"S"
bounds: (789,1202),(789,1169),(823,1169),(823,1202)

"MY"
bounds: (788,1432),(787,1397),(805,1397),(806,1432)

"BEST"
bounds: (787,1387),(786,1325),(803,1325),(805,1387)

"S540000"
bounds: (818,1430),(813,1299),(837,1298),(842,1429)

"MACHINE"
bounds: (857,1431),(853,1327),(874,1326),(878,1430)

"BEST"
bounds: (852,1314),(850,1256),(871,1255),(873,1313)

"SIMO2541"
bounds: (887,1427),(881,1292),(904,1291),(910,1426)

"S540000"
bounds: (919,1430),(914,1294),(937,1293),(942,1429)

"S"
bounds: (872,1202),(871,1169),(902,1168),(903,1201)

"FREE"
bounds: (1020,854),(1014,750),(1042,749),(1048,852)

"PLAY"
bounds: (1013,733),(1007,625),(1035,624),(1041,731)

