Texts:

"08
Cleaner
AV
503
GA
JARK
AIV
1157
001
002
000
000
17158
5540000
036. 159
S
PERFECT
GREAT
GOOD
BAD
MISS
MAX COMBO
40 1688 TOTAL SCORE
CALORIE(kcal)
B
20 M 203
DOUBLE
S
MY BEST
S540000
MACHINE BEST
SIMO2541
S540.000
S
FREE PLAY
"
bounds: (166,1),(1517,1),(1517,1047),(166,1047)

"08"
bounds: (1153,1),(1278,3),(1277,70),(1152,68)

"Cleaner"
bounds: (1166,212),(1253,213),(1253,240),(1166,239)

"AV"
bounds: (169,228),(232,230),(231,259),(168,257)

"503"
bounds: (169,259),(236,259),(236,293),(169,293)

"GA"
bounds: (174,312),(242,313),(242,345),(174,344)

"JARK"
bounds: (166,343),(252,343),(252,376),(166,376)

"AIV"
bounds: (182,404),(233,403),(233,421),(182,422)

"1157"
bounds: (522,260),(625,260),(625,301),(522,301)

"001"
bounds: (519,319),(594,319),(594,358),(519,358)

"002"
bounds: (514,377),(606,376),(606,410),(514,411)

"000"
bounds: (515,436),(608,435),(609,470),(516,471)

"000"
bounds: (514,489),(607,487),(608,521),(515,523)

"17158"
bounds: (524,546),(624,541),(626,579),(526,584)

"5540000"
bounds: (529,600),(710,596),(711,636),(530,640)

"036."
bounds: (531,656),(623,653),(624,689),(532,692)

"159"
bounds: (634,653),(704,651),(705,688),(635,690)

"S"
bounds: (760,364),(999,367),(997,554),(758,551)

"PERFECT"
bounds: (1099,267),(1306,269),(1306,302),(1099,300)

"GREAT"
bounds: (1123,323),(1279,324),(1279,358),(1123,357)

"GOOD"
bounds: (1134,380),(1266,380),(1266,412),(1134,412)

"BAD"
bounds: (1159,433),(1241,433),(1241,465),(1159,465)

"MISS"
bounds: (1149,486),(1246,486),(1246,516),(1149,516)

"MAX"
bounds: (1095,539),(1168,538),(1168,569),(1095,570)

"COMBO"
bounds: (1178,538),(1295,536),(1295,567),(1178,569)

"40"
bounds: (922,596),(959,595),(960,629),(923,630)

"1688"
bounds: (967,594),(1037,592),(1038,626),(968,628)

"TOTAL"
bounds: (1080,591),(1188,588),(1189,622),(1081,625)

"SCORE"
bounds: (1197,588),(1306,585),(1307,619),(1198,622)

"CALORIE"
bounds: (1085,639),(1211,640),(1211,679),(1085,678)

"("
bounds: (1223,641),(1233,641),(1233,679),(1223,679)

"kcal"
bounds: (1234,641),(1295,642),(1295,680),(1234,679)

")"
bounds: (1296,642),(1305,642),(1305,680),(1296,680)

"B"
bounds: (777,641),(803,640),(805,732),(779,733)

"20"
bounds: (844,764),(1051,752),(1058,878),(852,891)

"M"
bounds: (1098,748),(1135,746),(1143,873),(1106,875)

"203"
bounds: (1265,738),(1509,723),(1516,850),(1273,865)

"DOUBLE"
bounds: (878,752),(1004,746),(1006,784),(880,790)

"S"
bounds: (716,793),(750,792),(751,824),(717,825)

"MY"
bounds: (485,789),(524,787),(525,808),(486,810)

"BEST"
bounds: (534,787),(593,784),(594,805),(535,808)

"S540000"
bounds: (479,818),(621,813),(622,841),(480,846)

"MACHINE"
bounds: (487,859),(595,855),(596,874),(488,879)

"BEST"
bounds: (604,854),(663,852),(664,872),(605,874)

"SIMO2541"
bounds: (492,887),(620,882),(621,908),(493,913)

"S540.000"
bounds: (491,919),(622,913),(623,936),(492,942)

"S"
bounds: (717,871),(750,870),(751,903),(718,904)

"FREE"
bounds: (1065,1018),(1169,1012),(1171,1041),(1067,1047)

"PLAY"
bounds: (1186,1011),(1293,1005),(1294,1034),(1188,1040)

