Texts:

"ADVANLED LV. TU
SIMO2541
07
Baroque Virus - FULL SONG-
AV
573
EIGA
JARK
2496
PERFECT
GREAT
NY
GOOD
EAD
MISS
2500
AR MAX COMBO TRUS
17ED BY FNtAINE
12056400
287300
TOTAL SCORE
HJ
105.620
CALORIE(kcal)
DOUBLE
MY BEST
SS
12.056.368
20 irus - FULL SONG -
MACHINE BEST
SIMO2541
12.056.36a
FREE PLAY
CARTISE
"
bounds: (195,214),(1335,214),(1335,1113),(195,1113)

"ADVANLED"
bounds: (548,214),(674,218),(674,229),(548,225)

"LV."
bounds: (682,219),(712,220),(712,230),(682,229)

"TU"
bounds: (719,220),(741,221),(741,232),(719,231)

"SIMO2541"
bounds: (490,227),(601,231),(600,253),(489,249)

"07"
bounds: (952,246),(1037,249),(1035,297),(950,294)

"Baroque"
bounds: (848,407),(930,408),(930,431),(848,430)

"Virus"
bounds: (936,408),(982,408),(982,431),(936,431)

"-"
bounds: (990,417),(996,417),(996,420),(990,420)

"FULL"
bounds: (1005,411),(1047,411),(1047,427),(1005,427)

"SONG-"
bounds: (1055,412),(1121,412),(1121,429),(1055,429)

"AV"
bounds: (202,412),(246,413),(246,432),(202,431)

"573"
bounds: (202,436),(249,436),(249,461),(202,461)

"EIGA"
bounds: (195,474),(252,471),(253,498),(196,501)

"JARK"
bounds: (204,494),(252,494),(252,523),(204,523)

"2496"
bounds: (455,439),(533,439),(533,465),(455,465)

"PERFECT"
bounds: (906,454),(1061,457),(1061,477),(906,474)

"GREAT"
bounds: (929,497),(1039,499),(1039,521),(929,519)

"NY"
bounds: (207,543),(246,543),(246,556),(207,556)

"GOOD"
bounds: (939,540),(1028,542),(1028,564),(939,562)

"EAD"
bounds: (923,575),(1022,578),(1021,609),(922,606)

"MISS"
bounds: (942,624),(1018,625),(1018,645),(942,644)

"2500"
bounds: (458,656),(535,658),(534,682),(457,680)

"AR"
bounds: (816,652),(899,653),(899,689),(816,688)

"MAX"
bounds: (907,653),(960,653),(960,689),(907,689)

"COMBO"
bounds: (969,653),(1078,654),(1078,691),(969,690)

"TRUS"
bounds: (1106,655),(1189,656),(1189,683),(1106,682)

"17ED"
bounds: (1080,693),(1119,694),(1119,705),(1080,704)

"BY"
bounds: (1123,694),(1137,694),(1137,705),(1123,705)

"FNtAINE"
bounds: (1143,694),(1189,695),(1189,706),(1143,705)

"12056400"
bounds: (462,700),(614,701),(614,725),(462,724)

"287300"
bounds: (762,708),(851,709),(851,726),(762,725)

"TOTAL"
bounds: (887,707),(973,708),(973,727),(887,726)

"SCORE"
bounds: (982,708),(1068,709),(1068,729),(982,728)

"HJ"
bounds: (212,720),(251,720),(251,752),(212,752)

"105.620"
bounds: (462,743),(589,743),(589,765),(462,765)

"CALORIE(kcal)"
bounds: (890,748),(1063,751),(1063,778),(890,775)

"DOUBLE"
bounds: (727,826),(826,825),(826,858),(727,859)

"MY"
bounds: (423,844),(450,844),(450,854),(423,854)

"BEST"
bounds: (455,844),(502,844),(502,854),(455,854)

"SS"
bounds: (588,854),(632,854),(632,877),(588,877)

"12.056.368"
bounds: (423,867),(530,868),(530,884),(423,883)

"20"
bounds: (727,880),(861,880),(861,929),(727,929)

"irus"
bounds: (878,892),(949,892),(949,915),(878,915)

"-"
bounds: (970,900),(985,900),(985,903),(970,903)

"FULL"
bounds: (1008,884),(1137,884),(1137,917),(1008,917)

"SONG"
bounds: (1156,888),(1299,888),(1299,919),(1156,919)

"-"
bounds: (1320,904),(1335,904),(1335,907),(1320,907)

"MACHINE"
bounds: (423,899),(503,899),(503,909),(423,909)

"BEST"
bounds: (508,899),(555,899),(555,909),(508,909)

"SIMO2541"
bounds: (418,920),(521,922),(521,940),(418,938)

"12.056.36a"
bounds: (423,945),(529,944),(529,960),(423,961)

"FREE"
bounds: (873,1055),(957,1055),(957,1072),(873,1072)

"PLAY"
bounds: (972,1056),(1061,1056),(1061,1072),(972,1072)

"CARTISE"
bounds: (928,1104),(969,1103),(969,1112),(928,1113)

