Texts:

"08
Cleaner
AV
503
רפוו
PERFECT
3GA
JARK
GREAT
GOOD
BAD
NER
MISS
158
MAX COMBO
S540000
481688 TOTAL SCORE
CALORIE(kcal)
036.159
DOUBLE
20 M 203
MY BEST
S
SS40.000
MACHINE BEST
SIMO2541
S
S540.000
FREE PLAY
"
bounds: (163,4),(1919,4),(1919,1045),(163,1045)

"08"
bounds: (1162,4),(1271,5),(1271,67),(1162,66)

"Cleaner"
bounds: (1166,215),(1253,216),(1253,238),(1166,237)

"AV"
bounds: (167,226),(234,228),(233,257),(166,255)

"503"
bounds: (169,263),(236,263),(236,290),(169,290)

"רפוו"
bounds: (522,262),(625,262),(625,297),(522,297)

"PERFECT"
bounds: (1111,271),(1300,273),(1300,302),(1111,300)

"3GA"
bounds: (163,311),(250,312),(250,347),(163,346)

"JARK"
bounds: (176,343),(245,343),(245,374),(176,374)

"GREAT"
bounds: (1134,326),(1273,327),(1273,357),(1134,356)

"GOOD"
bounds: (1145,382),(1259,382),(1259,409),(1145,409)

"BAD"
bounds: (1159,436),(1241,436),(1241,462),(1159,462)

"NER"
bounds: (1388,480),(1919,480),(1919,719),(1388,719)

"MISS"
bounds: (1149,489),(1246,489),(1246,515),(1149,515)

"158"
bounds: (560,550),(631,547),(632,578),(562,581)

"MAX"
bounds: (1096,542),(1169,541),(1169,567),(1096,568)

"COMBO"
bounds: (1179,541),(1296,539),(1296,565),(1179,567)

"S540000"
bounds: (530,604),(711,600),(712,631),(531,635)

"481688"
bounds: (923,602),(1038,599),(1039,623),(924,626)

"TOTAL"
bounds: (1081,595),(1189,592),(1190,619),(1082,622)

"SCORE"
bounds: (1198,594),(1307,591),(1308,616),(1199,619)

"CALORIE(kcal)"
bounds: (1085,641),(1306,643),(1306,678),(1085,676)

"036.159"
bounds: (532,659),(705,654),(706,685),(533,690)

"DOUBLE"
bounds: (879,754),(1007,748),(1009,787),(881,793)

"20"
bounds: (844,772),(1051,760),(1058,874),(851,887)

"M"
bounds: (1090,757),(1179,752),(1186,862),(1097,868)

"203"
bounds: (1261,747),(1506,732),(1512,843),(1268,858)

"MY"
bounds: (492,789),(527,787),(528,807),(493,809)

"BEST"
bounds: (538,787),(593,784),(594,804),(539,807)

"S"
bounds: (717,795),(751,794),(752,823),(718,824)

"SS40.000"
bounds: (490,822),(622,817),(623,838),(491,843)

"MACHINE"
bounds: (485,860),(596,855),(597,873),(486,878)

"BEST"
bounds: (598,855),(673,852),(674,871),(599,874)

"SIMO2541"
bounds: (493,890),(621,885),(622,905),(494,910)

"S"
bounds: (718,876),(751,875),(752,904),(719,905)

"S540.000"
bounds: (485,920),(628,914),(629,937),(486,943)

"FREE"
bounds: (1066,1024),(1170,1018),(1171,1039),(1067,1045)

"PLAY"
bounds: (1186,1018),(1295,1012),(1296,1031),(1187,1037)

