Texts:

"08
Cleaner
EOS
3GA
PERFECT
LSLL
JARK
GREAT
200
0009
BAD
MISS
NER
1158
MAX COMBO
TOTAL SCORE
036.159
CALORIE(kcal)
MY BEST
20M 203
S
MACHINE BEST
SIMO2541
S
FREE PLAY
"
bounds: (2,12),(1044,12),(1044,1759),(2,1759)

"08"
bounds: (3,757),(2,648),(65,648),(66,757)

"Cleaner"
bounds: (209,758),(210,663),(237,663),(236,758)

"EOS"
bounds: (296,1683),(294,1759),(258,1758),(260,1682)

"3GA"
bounds: (310,1755),(310,1666),(345,1666),(345,1755)

"PERFECT"
bounds: (271,808),(272,618),(301,618),(300,808)

"LSLL"
bounds: (296,1294),(295,1397),(261,1397),(262,1294)

"JARK"
bounds: (339,1742),(342,1673),(379,1674),(376,1743)

"GREAT"
bounds: (326,785),(327,645),(356,645),(355,785)

"200"
bounds: (414,1306),(415,1401),(378,1401),(377,1306)

"0009"
bounds: (410,660),(409,774),(381,774),(382,660)

"BAD"
bounds: (436,760),(436,678),(462,678),(462,760)

"MISS"
bounds: (489,770),(489,673),(514,673),(514,770)

"NER"
bounds: (509,639),(495,18),(712,13),(726,634)

"1158"
bounds: (545,1384),(546,1285),(579,1285),(578,1384)

"MAX"
bounds: (543,823),(542,750),(566,750),(567,823)

"COMBO"
bounds: (541,740),(539,623),(564,623),(566,740)

"TOTAL"
bounds: (594,837),(593,729),(619,729),(620,837)

"SCORE"
bounds: (593,720),(592,612),(617,612),(618,720)

"036.159"
bounds: (657,1387),(651,1214),(682,1213),(688,1386)

"CALORIE(kcal)"
bounds: (641,824),(641,614),(678,614),(678,824)

"MY"
bounds: (790,1423),(789,1392),(807,1392),(808,1423)

"BEST"
bounds: (789,1380),(788,1325),(806,1325),(807,1380)

"20M"
bounds: (790,1042),(761,720),(868,711),(898,1032)

"203"
bounds: (756,664),(734,417),(840,407),(863,654)

"S"
bounds: (823,1168),(823,1201),(794,1201),(794,1168)

"MACHINE"
bounds: (859,1420),(855,1324),(874,1323),(878,1419)

"BEST"
bounds: (854,1303),(852,1255),(871,1254),(873,1302)

"SIMO2541"
bounds: (888,1436),(881,1290),(905,1289),(912,1435)

"S"
bounds: (902,1167),(903,1200),(875,1201),(874,1168)

"FREE"
bounds: (1024,853),(1018,749),(1038,748),(1044,852)

"PLAY"
bounds: (1017,732),(1011,624),(1031,623),(1037,731)

