Texts:

"ADVANLED LV. TU
SIMO2541
07
AV
573
GA
JARK
POINT ZERO 2
1067
PERFECT
011
GREAT
003
GOOD
NY
OO己
BAD
回O6
MISS
531
MAX COMBO
4931200
803300
TOTAL SCORE
CALORIE(kcal)
ZER O 2
054.674
POH
POUBLE
BPM 170
COMPOB BY
SYNTHWULF
MY BEST
22
4.930.730
MACHINE BEST
VISUALIZED BY
SIMO2541
A
4.930.770
FREE PLAY
19. m
"
bounds: (206,173),(1442,173),(1442,1197),(206,1197)

"ADVANLED"
bounds: (630,173),(783,181),(782,201),(629,193)

"LV."
bounds: (785,181),(823,183),(822,203),(784,201)

"TU"
bounds: (827,188),(847,189),(846,204),(826,203)

"SIMO2541"
bounds: (557,190),(686,197),(684,223),(556,217)

"07"
bounds: (1078,222),(1171,224),(1170,278),(1077,276)

"AV"
bounds: (206,402),(269,402),(269,432),(206,432)

"573"
bounds: (211,433),(268,433),(268,463),(211,463)

"GA"
bounds: (212,476),(272,477),(271,510),(211,509)

"JARK"
bounds: (212,504),(271,505),(271,537),(212,536)

"POINT"
bounds: (1047,403),(1109,404),(1109,421),(1047,420)

"ZERO"
bounds: (1118,404),(1168,405),(1168,423),(1118,422)

"2"
bounds: (1178,406),(1187,406),(1187,423),(1178,423)

"1067"
bounds: (519,438),(606,440),(605,468),(518,466)

"PERFECT"
bounds: (1032,453),(1197,455),(1197,482),(1032,480)

"011"
bounds: (515,489),(578,490),(577,517),(514,516)

"GREAT"
bounds: (1052,502),(1173,503),(1173,526),(1052,525)

"003"
bounds: (516,541),(583,542),(583,569),(516,568)

"GOOD"
bounds: (1062,550),(1161,550),(1161,574),(1062,574)

"NY"
bounds: (215,561),(263,559),(264,577),(216,579)

"OO"
bounds: (510,587),(564,588),(564,623),(510,622)

"己"
bounds: (566,588),(588,588),(588,623),(566,623)

"BAD"
bounds: (1074,598),(1145,598),(1145,620),(1074,620)

"回"
bounds: (516,641),(535,641),(535,668),(516,668)

"O6"
bounds: (540,641),(583,641),(583,668),(540,668)

"MISS"
bounds: (1066,645),(1150,646),(1150,669),(1066,668)

"531"
bounds: (515,692),(577,692),(577,718),(515,718)

"MAX"
bounds: (1018,693),(1081,693),(1081,714),(1018,714)

"COMBO"
bounds: (1093,693),(1195,693),(1195,714),(1093,714)

"4931200"
bounds: (516,741),(674,740),(674,766),(516,767)

"803300"
bounds: (864,744),(965,743),(965,763),(864,764)

"TOTAL"
bounds: (1005,740),(1100,740),(1100,761),(1005,761)

"SCORE"
bounds: (1111,740),(1204,740),(1204,761),(1111,761)

"CALORIE(kcal)"
bounds: (1008,784),(1199,786),(1199,818),(1008,816)

"ZER"
bounds: (1097,816),(1275,815),(1275,864),(1097,865)

"O"
bounds: (1295,814),(1343,814),(1343,863),(1295,863)

"2"
bounds: (1353,814),(1393,814),(1393,863),(1353,863)

"054.674"
bounds: (515,790),(668,787),(668,815),(515,818)

"POH"
bounds: (790,813),(959,812),(959,872),(790,873)

"POUBLE"
bounds: (825,878),(935,878),(935,915),(825,915)

"BPM"
bounds: (1327,863),(1390,862),(1390,893),(1327,894)

"170"
bounds: (1398,863),(1442,863),(1442,893),(1398,893)

"COMPOB"
bounds: (1034,900),(1112,899),(1112,917),(1034,918)

"BY"
bounds: (1126,898),(1161,897),(1161,916),(1126,917)

"SYNTHWULF"
bounds: (1019,918),(1175,917),(1175,940),(1019,941)

"MY"
bounds: (472,912),(505,911),(505,923),(472,924)

"BEST"
bounds: (510,911),(566,909),(566,922),(510,924)

"22"
bounds: (792,918),(951,916),(952,1009),(793,1011)

"4.930.730"
bounds: (463,940),(590,936),(591,957),(464,961)

"MACHINE"
bounds: (472,975),(566,972),(566,986),(472,989)

"BEST"
bounds: (573,973),(627,971),(627,983),(573,985)

"VISUALIZED"
bounds: (1036,983),(1132,981),(1132,995),(1036,997)

"BY"
bounds: (1139,981),(1158,981),(1158,993),(1139,993)

"SIMO2541"
bounds: (473,1001),(588,999),(588,1019),(473,1021)

"A"
bounds: (673,991),(703,990),(704,1016),(674,1017)

"4.930.770"
bounds: (473,1031),(589,1028),(589,1046),(473,1049)

"FREE"
bounds: (989,1138),(1083,1134),(1084,1152),(990,1156)

"PLAY"
bounds: (1099,1132),(1197,1128),(1198,1147),(1100,1151)

"19."
bounds: (1176,1186),(1197,1185),(1198,1196),(1177,1197)

"m"
bounds: (1234,1183),(1276,1181),(1277,1192),(1235,1194)

